SM:2025-06-16T02:01:34.0428707Z
LM:2025-06-16T02:04:41.6468610Z
CT:image/jpeg
MA:2592000
CL:56860
