SM:2025-06-16T07:52:43.2244018Z
LM:2025-06-16T07:52:48.6037060Z
CT:image/jpeg
MA:2592000
CL:900848
