SM:2025-06-16T02:01:34.0477695Z
LM:2025-06-16T02:04:41.6089240Z
CT:image/jpeg
MA:2592000
CL:19610
