SM:2025-06-16T02:01:34.0513903Z
LM:2025-06-16T02:04:41.6107120Z
CT:image/jpeg
MA:2592000
CL:40660
