SM:2025-06-16T07:52:43.2335606Z
LM:2025-06-16T09:32:11.5041000Z
CT:image/jpeg
MA:2592000
CL:1043850
