SM:2025-06-16T07:52:43.2299249Z
LM:2025-06-16T07:52:45.4282150Z
CT:image/jpeg
MA:2592000
CL:412942
