SM:2025-06-18T07:56:01.6098716Z
LM:2025-06-18T07:56:03.8212400Z
CT:image/jpeg
MA:2592000
CL:412910
